3500
20000
242 31
192 192
218 106
168 175
127 214
107 13
217 75
169 41
194 69
134 62
237 75
127 237
49 60
180 136
109 56
250 96
30 207
238 118
136 179
169 208
3 51
59 203
140 238
96 250
57 182
70 220
134 74
247 157
86 65
28 247
111 169
206 177
24 35
225 85
89 56
103 15
35 98
233 114
208 202
97 180
118 103
129 63
49 198
53 159
128 125
61 156
86 221
184 165
162 231
187 202
39 218
64 134
133 197
103 182
182 246
162 121
144 29
116 130
230 56
157 218
126 110
50 134
133 27
161 24
182 83
53 218
25 8
31 250
190 214
215 205
125 75
67 29
167 54
85 101
96 163
250 242
156 148
69 95
192 168
11 234
91 139
100 3
201 186
168 241
239 179
244 115
184 31
205 56
244 96
104 165
102 152
197 40
157 242
8 57
36 48
208 221
69 59
68 204
122 100
242 140
152 229
219 150
208 80
101 190
91 113
205 220
152 47
214 38
250 104
150 135
197 66
250 209
137 23
123 227
54 103
125 178
11 219
133 143
248 63
65 106
85 195
48 10
82 207
79 162
95 249
102 38
108 133
232 25
217 228
166 67
116 113
109 125
70 156
152 86
133 82
239 160
200 133
209 104
137 75
39 46
36 111
88 2
245 241
225 93
206 147
32 22
25 176
59 7
2 210
172 108
188 31
104 196
243 201
249 18
34 219
64 2
159 230
203 39
231 159
105 237
186 103
225 82
126 108
73 235
78 231
225 126
71 134
158 167
182 103
213 117
78 102
162 41
34 242
46 147
181 96
122 136
249 200
76 241
48 66
88 61
147 143
21 248
241 234
191 106
113 206
103 247
219 140
46 199
113 81
243 207
206 16
69 14
57 92
6 78
182 33
83 83
44 225
186 39
184 64
144 97
200 28
199 204
196 16
144 246
168 118
92 232
29 26
85 121
178 37
27 53
65 234
137 183
43 42
53 222
167 41
16 95
199 118
135 217
51 239
185 138
219 99
32 230
159 61
6 227
70 129
133 37
130 175
205 197
114 1
184 134
136 109
65 208
42 82
35 68
95 129
200 101
240 193
152 177
151 4
96 80
5 153
223 111
26 91
238 3
21 92
194 34
114 97
211 101
227 62
195 150
216 114
225 78
42 146
78 171
112 71
97 242
129 216
216 248
68 41
238 2
123 137
82 215
7 234
123 198
128 139
218 119
195 32
214 141
89 206
221 47
51 83
34 195
24 183
76 226
91 147
67 58
120 168
196 136
235 176
36 38
207 166
33 88
61 191
89 104
168 28
98 18
162 41
60 18
183 170
210 26
8 94
29 33
107 78
35 169
51 24
196 140
152 246
176 10
107 7
247 131
99 198
221 108
58 135
13 113
241 173
123 51
192 235
154 159
44 45
179 27
168 73
211 134
198 132
211 55
132 213
131 10
49 96
84 125
11 196
211 240
22 234
175 174
187 151
244 8
112 149
10 19
249 101
211 24
151 215
245 34
123 17
23 219
198 80
38 232
54 59
119 177
53 48
60 240
176 200
159 185
31 221
106 14
239 195
27 68
44 226
77 216
159 79
189 105
32 17
250 101
199 236
233 62
221 158
211 136
76 102
8 118
173 63
227 83
139 72
196 120
181 171
144 26
11 104
184 242
177 31
190 219
43 238
149 214
74 229
51 168
222 87
159 103
56 85
189 20
116 22
58 3
211 242
160 131
226 55
24 50
129 56
81 69
72 174
54 237
83 199
246 105
142 229
26 68
200 181
121 246
132 244
105 101
18 180
237 72
121 56
131 203
108 201
37 247
172 48
57 147
156 230
188 15
115 167
16 67
93 240
52 186
201 65
149 90
173 68
228 180
213 150
163 47
110 126
173 134
162 237
28 204
159 92
232 130
91 214
2 99
149 67
34 136
8 107
187 165
215 138
178 59
154 208
164 7
249 10
174 231
214 98
101 55
82 149
119 250
167 148
104 128
224 243
183 77
242 243
4 128
80 127
145 86
47 233
78 29
17 65
110 203
186 2
23 236
31 52
68 246
246 156
120 9
28 34
35 9
98 114
10 124
60 90
85 176
6 163
57 91
188 17
172 131
111 57
148 54
50 186
207 189
215 106
164 129
167 122
96 45
158 90
162 32
23 42
225 49
58 141
55 33
158 50
84 150
202 194
177 222
221 23
6 10
203 249
247 101
77 93
132 135
109 138
148 236
121 121
120 106
165 250
158 157
47 152
228 205
37 36
109 34
114 145
78 240
131 172
234 94
30 122
192 132
240 211
88 144
124 33
219 157
244 158
142 222
231 114
125 174
182 5
190 24
207 66
224 194
186 132
185 64
29 246
151 33
218 82
117 117
76 12
122 82
125 224
143 182
165 54
210 48
94 196
98 99
200 142
42 21
222 124
146 236
184 212
99 232
239 8
211 111
222 201
177 18
230 145
16 211
45 197
39 106
213 184
175 231
107 16
80 163
186 180
58 222
78 60
160 108
235 65
225 139
57 238
121 182
202 7
167 11
190 115
27 176
113 137
18 30
152 46
234 227
244 6
45 124
97 88
202 60
129 13
71 154
221 3
81 14
126 171
242 102
6 78
181 211
79 230
15 198
54 162
104 214
229 191
5 221
38 102
207 107
70 57
139 7
95 53
109 244
205 118
12 195
28 97
21 181
25 12
250 225
13 193
100 185
167 199
80 185
241 38
111 248
137 38
12 115
52 16
183 116
132 108
56 69
232 146
46 59
180 157
91 109
128 191
87 227
207 106
122 125
44 219
159 3
197 47
161 34
238 218
77 3
30 18
214 120
160 107
114 231
104 222
140 9
9 89
144 238
177 140
21 230
227 104
236 235
4 111
4 85
144 157
73 96
224 45
236 53
206 184
155 209
207 150
49 201
205 65
202 163
96 58
241 145
181 28
188 25
6 104
53 58
250 4
39 69
198 100
198 99
72 111
17 58
150 53
15 11
248 223
205 201
60 199
124 89
191 99
231 158
128 20
227 93
84 58
202 142
184 169
29 58
208 157
154 170
151 90
238 187
131 79
187 43
18 20
226 94
7 109
182 225
131 94
212 46
146 226
33 109
245 179
154 179
14 77
184 59
98 124
96 121
29 219
204 146
225 105
67 9
151 238
10 131
56 152
233 7
236 12
116 91
226 71
151 61
50 141
34 140
116 189
153 250
136 114
137 152
96 239
65 238
108 231
28 243
177 62
238 199
248 86
5 149
178 97
104 104
76 155
211 60
14 204
224 214
226 145
169 16
246 193
77 165
243 99
26 169
63 66
39 176
10 88
238 113
13 34
66 130
4 245
67 113
81 80
44 9
151 230
231 55
244 197
103 178
110 197
248 150
96 29
61 190
148 11
77 191
90 147
84 52
202 115
132 151
162 74
15 131
105 241
171 102
161 74
27 123
198 101
27 171
189 178
186 121
190 144
28 60
40 132
96 139
5 192
24 31
213 222
186 236
60 134
73 198
60 39
122 139
162 59
60 62
82 4
71 164
88 232
244 230
158 198
16 131
85 81
203 95
80 243
185 79
162 173
215 165
208 130
105 214
20 9
205 216
110 45
141 137
192 213
14 129
154 190
2 145
83 135
235 201
170 150
42 96
22 157
197 114
49 52
66 238
233 186
98 107
30 116
162 137
92 121
208 235
42 90
141 39
185 148
153 192
55 187
88 191
21 86
61 173
86 38
169 203
57 226
52 35
31 228
152 223
138 144
212 243
23 173
168 116
12 44
216 134
3 233
14 86
185 215
178 164
77 48
145 153
75 211
78 87
200 177
111 46
77 168
97 173
102 138
51 168
168 171
30 218
137 85
112 215
73 140
7 231
247 249
80 213
169 216
218 158
74 66
230 137
191 154
84 166
114 119
246 94
185 178
71 96
215 193
16 93
105 9
52 160
162 20
246 81
108 197
123 84
238 70
174 116
187 83
84 125
176 83
44 63
197 80
4 75
186 116
227 123
158 248
241 152
25 243
242 181
150 134
234 30
23 65
103 32
237 47
199 71
20 163
171 213
26 124
6 88
61 11
193 37
118 81
63 77
153 23
109 71
239 43
169 155
2 240
165 177
134 86
23 129
206 241
229 8
56 40
190 3
197 52
46 148
206 234
91 128
169 5
33 51
181 41
207 82
57 172
187 227
116 22
215 197
107 94
195 199
137 186
10 161
180 136
71 237
8 59
132 204
127 18
210 118
66 53
28 32
1 248
191 220
135 249
48 94
196 31
60 184
153 62
104 171
136 120
1 200
100 195
116 73
245 18
101 180
2 172
132 146
158 134
133 203
207 96
226 233
90 231
196 188
124 26
113 112
48 139
26 68
116 137
201 232
148 52
158 226
187 122
53 166
245 132
120 152
199 71
159 235
173 247
3 246
110 131
10 225
53 65
138 184
110 135
30 131
145 199
166 237
185 145
43 173
4 170
37 105
54 158
32 139
202 27
56 183
229 30
231 77
150 193
148 242
38 159
62 186
227 77
41 188
55 49
250 92
142 5
116 28
166 224
194 157
90 105
152 134
65 111
214 61
236 172
20 8
16 106
109 182
181 121
193 189
61 223
91 88
185 105
187 107
241 117
184 106
12 52
111 77
72 76
248 155
191 68
172 24
92 23
169 80
25 2
39 147
50 174
152 34
120 232
17 141
126 203
96 219
94 169
111 97
229 247
164 88
205 5
171 30
96 126
101 186
157 102
195 160
70 47
8 199
203 221
10 9
140 85
118 57
81 155
161 34
26 52
213 59
173 162
228 25
46 26
124 181
60 166
6 55
202 184
208 31
101 133
161 175
227 65
149 99
85 241
67 46
86 24
79 20
240 95
207 191
211 122
234 80
99 229
183 163
80 175
22 71
237 39
70 68
172 25
232 164
119 191
105 69
247 147
46 44
105 132
64 60
105 33
38 228
133 183
124 104
35 226
23 122
52 172
223 70
156 32
35 64
108 17
176 47
236 157
177 235
28 247
158 28
187 201
249 60
206 21
187 37
176 121
90 26
193 126
139 242
233 64
180 230
159 246
223 3
107 179
115 22
128 124
223 190
43 140
211 211
95 122
182 79
211 11
111 1
75 73
119 112
66 207
213 17
89 243
152 25
124 187
159 129
247 166
8 224
18 104
4 107
135 85
166 152
5 203
40 106
69 228
177 53
99 78
162 162
214 143
203 187
125 51
153 70
35 27
93 204
96 24
211 173
57 200
112 212
137 176
90 239
166 134
53 52
230 143
31 36
212 121
236 29
223 150
157 116
231 7
96 122
34 78
249 204
227 112
246 5
65 238
24 203
87 2
220 52
70 250
213 47
54 171
230 187
237 149
209 137
157 125
244 92
5 184
194 153
159 145
36 49
139 217
12 141
62 157
98 158
159 36
195 166
226 128
6 12
224 89
182 187
1 216
134 201
199 89
137 25
228 168
17 49
191 103
89 125
196 133
42 176
68 133
59 60
46 215
216 190
173 96
203 31
232 72
184 156
230 107
125 231
76 124
223 235
67 43
199 22
77 231
68 185
71 153
59 228
157 158
160 245
176 213
51 146
165 170
90 183
190 214
84 73
3 209
236 137
6 198
230 78
150 216
176 125
26 240
241 11
217 116
159 201
177 20
45 44
49 183
191 101
125 211
16 238
159 149
21 121
15 39
200 239
67 10
123 2
133 189
197 229
75 196
42 182
144 176
125 195
117 223
13 170
51 162
180 113
138 16
245 26
152 106
239 185
135 21
144 86
50 234
119 191
66 6
25 137
200 75
239 200
121 115
242 155
144 89
239 4
127 212
236 108
128 197
169 10
219 118
89 139
207 75
140 153
55 185
120 138
234 23
151 169
247 226
13 82
144 221
189 199
138 51
110 40
142 188
140 115
100 99
196 92
173 17
101 89
110 122
101 183
138 199
190 92
52 83
235 118
153 88
205 43
201 235
112 209
6 122
160 82
88 20
76 217
128 2
50 191
143 41
173 150
187 243
187 158
62 101
164 186
60 174
30 168
157 228
100 14
103 131
243 238
141 173
159 148
125 64
59 241
99 161
79 19
127 45
141 51
231 48
116 12
70 29
126 57
220 176
67 140
213 103
216 66
98 178
113 143
148 152
209 124
245 133
115 98
246 45
62 80
42 168
42 38
203 182
207 181
71 70
2 21
190 27
191 135
212 59
1 136
25 20
47 20
52 57
9 166
170 132
172 143
109 68
142 87
24 225
150 204
106 244
194 174
62 77
177 184
51 196
88 102
77 218
150 230
187 228
1 181
79 68
53 115
135 249
120 187
189 20
228 207
74 220
96 133
139 31
47 137
183 171
90 167
250 35
106 89
161 205
130 9
124 97
157 187
55 80
18 70
89 116
117 63
67 227
87 110
121 185
213 17
247 237
213 85
205 141
189 45
181 223
59 245
175 70
84 239
224 218
232 154
142 161
45 227
202 136
14 249
84 90
125 239
228 120
14 34
153 16
238 165
147 64
22 150
59 47
125 236
82 83
126 197
123 110
47 160
22 221
202 41
78 13
196 90
115 148
233 144
218 226
186 81
111 226
184 220
11 102
148 2
199 60
244 101
28 233
116 101
90 79
40 72
205 185
173 213
32 44
78 83
34 234
33 81
234 131
29 116
43 218
248 3
146 112
140 117
211 161
213 43
61 133
22 156
249 142
200 64
86 115
150 88
237 234
69 99
50 4
147 216
202 91
18 55
8 171
98 3
6 45
128 126
148 216
189 245
154 20
60 164
111 171
36 47
65 88
45 231
172 229
175 246
136 117
18 44
200 151
94 239
75 52
203 57
82 67
182 59
226 31
100 94
196 185
238 88
50 231
76 20
120 22
143 240
229 43
213 83
243 149
26 147
226 38
33 81
82 10
34 127
119 198
250 169
51 26
128 138
162 71
213 180
29 242
216 53
243 223
198 44
85 109
153 143
219 1
17 230
11 233
74 84
105 174
128 218
21 129
105 172
249 45
196 42
235 170
69 25
64 81
239 182
166 183
55 78
140 92
111 201
132 223
185 158
175 190
241 105
7 70
167 110
153 11
49 179
157 81
126 124
103 88
98 246
161 131
62 44
46 113
155 118
178 167
224 62
85 118
46 93
84 214
87 13
135 81
59 188
94 200
75 30
154 194
250 165
249 149
153 245
61 68
69 156
75 212
84 193
220 110
57 53
240 128
248 93
176 37
63 218
93 27
140 241
162 193
23 19
205 23
93 49
162 170
195 153
158 217
18 79
159 180
19 108
225 52
43 82
152 111
151 91
85 24
194 192
126 190
182 149
215 137
150 234
159 167
95 161
149 210
132 211
226 222
247 107
152 57
67 191
34 20
233 154
61 162
191 245
204 223
246 79
124 249
194 78
198 209
250 229
223 123
17 10
54 91
219 146
150 60
43 196
8 113
229 166
60 23
141 230
154 98
143 127
167 233
37 35
112 208
65 105
168 41
113 142
78 64
87 152
189 186
234 144
69 164
69 58
175 149
158 103
198 5
174 77
195 225
58 182
53 93
209 246
181 246
162 153
18 72
66 145
153 233
31 40
233 206
149 193
73 30
112 26
77 92
3 32
192 97
226 201
130 30
26 130
233 90
161 91
116 51
77 249
143 121
141 16
205 22
26 107
2 147
241 19
100 112
101 70
163 86
249 112
108 73
60 39
185 11
178 180
220 211
220 68
94 65
206 162
111 149
209 175
235 149
240 184
218 192
243 176
74 208
249 152
137 179
63 130
130 134
54 21
74 188
239 78
83 80
7 233
9 171
160 128
178 37
169 78
138 34
47 210
138 199
87 67
169 96
30 183
173 106
46 90
53 11
159 174
128 247
144 245
81 28
231 199
248 121
110 11
12 222
223 70
142 100
109 173
208 24
172 45
25 86
130 117
4 175
83 90
18 159
103 250
101 234
62 189
93 28
204 89
92 202
114 31
63 124
127 224
250 117
124 230
169 16
18 28
195 53
94 69
213 70
163 162
233 162
19 136
70 121
165 151
250 40
95 17
70 97
121 214
69 38
83 27
230 223
36 196
208 123
216 206
31 85
41 189
75 218
106 163
79 32
25 215
7 239
50 221
71 110
149 179
249 124
26 125
109 82
235 89
167 53
53 53
167 21
241 231
215 102
98 247
95 190
44 200
232 118
56 43
187 184
3 167
136 179
4 34
101 217
174 190
127 225
164 201
121 26
55 163
193 159
224 5
22 208
210 196
159 18
196 85
124 144
204 245
190 159
40 113
165 187
13 210
222 30
46 112
119 113
40 111
67 207
104 222
39 80
55 117
1 225
52 241
101 129
144 235
106 38
36 3
128 91
170 190
2 224
108 200
146 127
246 19
178 156
4 77
9 157
79 163
70 149
92 172
65 73
103 73
24 112
219 175
184 65
95 41
182 153
202 156
203 164
27 249
116 183
167 192
49 158
19 39
44 32
61 134
37 50
187 201
55 214
34 198
14 120
195 217
164 154
22 165
161 219
226 143
162 90
146 180
138 241
56 153
87 195
94 204
21 117
219 199
37 216
195 86
88 65
137 167
237 141
155 177
117 241
82 84
48 193
106 54
1 45
83 238
232 189
41 31
62 89
98 26
201 18
194 70
240 151
31 229
155 118
243 250
80 196
197 232
67 33
155 107
35 37
3 154
229 79
30 194
113 27
168 194
129 167
68 88
179 52
133 17
210 113
243 46
157 227
81 71
101 238
245 102
96 64
39 123
141 59
90 123
125 140
246 143
241 119
114 178
47 167
50 155
10 237
94 145
210 203
75 227
45 164
143 211
201 104
157 66
198 85
30 171
77 132
180 7
138 208
191 92
224 201
61 188
145 115
180 91
164 174
147 182
246 80
228 107
40 18
248 45
146 185
231 220
168 228
162 175
70 91
165 18
249 162
128 206
13 196
60 201
217 57
97 126
18 224
146 185
144 241
250 168
114 129
245 154
58 77
95 3
236 58
28 95
69 159
149 179
152 184
38 153
110 105
187 24
41 40
229 188
31 175
241 247
206 44
190 23
95 195
95 158
200 25
207 203
139 8
24 121
108 151
205 216
223 37
33 80
233 28
132 83
80 61
2 248
215 191
196 43
5 216
227 135
66 57
99 113
240 114
24 112
150 101
65 228
119 51
224 14
84 16
230 99
219 189
27 225
131 8
33 135
80 211
71 86
234 108
178 154
233 34
6 107
108 183
193 147
230 186
73 6
204 78
196 154
7 244
37 182
6 243
157 61
65 142
163 137
196 248
186 93
9 107
50 30
79 232
54 177
149 37
187 28
173 86
158 19
178 239
239 2
164 110
45 238
221 53
50 61
217 223
112 199
54 180
30 7
227 21
240 54
246 2
53 193
72 85
84 127
145 57
136 95
152 235
165 193
159 222
9 76
233 122
201 210
235 221
5 96
172 226
184 120
68 210
199 237
132 116
195 233
221 127
55 163
234 245
178 203
226 123
152 212
173 234
161 71
192 42
33 161
165 25
166 216
244 147
97 228
53 110
10 216
167 61
219 157
209 128
127 31
73 12
15 237
41 116
243 143
134 228
40 164
102 142
192 225
121 138
42 166
248 214
247 120
66 58
123 196
190 120
160 27
170 189
161 129
79 46
6 27
163 190
52 87
112 75
131 135
190 217
152 247
140 135
12 70
61 66
210 210
57 16
79 180
86 184
158 192
16 60
246 156
210 141
61 141
30 127
108 160
152 32
47 144
227 86
167 193
225 216
171 226
65 192
73 65
130 181
213 161
118 46
7 250
167 146
195 166
78 11
52 85
86 177
234 183
156 220
160 87
209 121
81 124
115 14
37 96
3 202
79 56
182 231
160 202
115 77
238 224
174 186
223 188
32 189
213 56
41 242
237 133
118 9
144 70
59 159
101 22
185 123
39 65
77 150
28 213
2 3
57 178
208 32
197 206
173 27
46 129
8 152
121 49
74 22
180 153
35 135
118 105
188 166
133 36
53 48
157 72
167 49
87 85
142 163
108 210
79 210
101 114
207 238
57 118
69 114
78 159
79 2
247 66
183 210
157 129
87 183
164 14
47 7
191 233
118 193
94 172
9 100
142 30
188 43
249 248
154 3
16 213
43 91
136 223
194 122
241 85
220 27
76 91
241 200
116 19
34 9
157 87
16 43
105 177
109 165
23 198
113 66
80 168
56 184
145 124
121 214
3 162
150 232
127 222
32 233
185 45
213 84
138 199
139 208
238 235
58 47
177 247
42 100
165 173
37 209
193 40
222 59
246 216
221 88
45 12
215 2
68 193
66 237
231 240
60 157
194 212
225 81
135 37
105 144
233 197
10 179
27 43
131 41
152 107
117 86
93 78
105 182
39 152
59 128
137 46
224 118
20 86
242 239
123 43
63 230
160 174
10 44
133 100
69 105
72 97
68 218
110 157
157 90
183 104
27 217
125 79
172 213
91 39
115 131
166 194
244 85
209 135
40 216
16 235
142 114
158 199
67 66
106 169
180 110
167 125
191 110
183 66
93 138
112 105
146 233
249 89
104 96
137 164
222 200
39 59
182 217
84 179
117 9
60 53
194 237
115 91
99 66
80 109
204 13
244 131
187 40
104 5
44 181
162 111
155 146
224 213
74 229
75 201
8 11
227 160
38 104
169 90
180 111
106 219
138 34
91 23
16 39
71 42
63 31
96 218
145 214
137 85
11 154
152 107
225 79
133 35
26 23
220 176
186 113
101 215
74 205
154 11
86 104
141 211
120 105
116 164
86 4
39 160
161 146
133 45
245 7
194 95
19 221
132 77
9 53
237 126
173 162
33 142
37 197
225 34
174 32
131 105
222 211
105 227
17 180
64 118
24 227
55 235
49 35
225 236
95 119
40 237
154 159
42 86
98 22
244 49
230 64
171 8
42 79
151 213
199 81
8 111
183 54
207 14
95 139
56 249
238 179
32 78
100 184
204 217
231 157
228 240
105 23
236 92
78 52
200 15
141 96
185 50
212 168
166 144
101 120
36 212
3 143
198 54
82 143
191 117
69 69
237 169
230 127
211 30
19 43
35 201
214 96
171 38
203 151
166 2
121 63
37 106
104 226
85 236
23 10
2 238
30 50
104 163
248 153
158 113
233 26
192 244
153 157
205 46
250 241
98 125
90 109
205 127
117 209
18 23
246 85
166 36
100 23
238 102
239 143
235 139
118 141
113 118
161 67
172 50
177 164
89 127
211 136
59 214
58 107
213 210
81 105
114 91
209 134
173 97
30 171
159 109
28 227
241 195
133 195
122 239
220 165
196 65
135 145
17 136
178 132
76 73
107 160
153 152
99 127
33 209
17 134
37 207
222 228
59 211
32 31
135 214
185 161
15 181
221 93
224 49
241 68
127 101
32 108
46 223
124 149
85 139
245 65
13 177
134 140
245 22
101 179
101 49
180 148
212 227
14 226
28 85
43 55
83 189
181 226
17 102
178 68
140 199
154 197
235 14
161 220
237 47
213 95
71 178
241 192
148 123
97 209
151 157
224 154
5 242
156 31
162 143
177 200
229 46
113 168
120 164
197 222
4 78
103 53
40 18
226 37
94 67
58 18
190 159
212 78
40 211
132 129
113 30
73 153
180 48
125 15
8 250
70 232
161 206
6 215
28 100
247 37
44 212
203 210
178 11
102 154
42 26
240 47
122 28
170 244
73 107
77 227
109 235
207 199
92 134
167 57
27 232
190 95
203 4
167 71
29 217
208 248
113 122
185 238
131 119
96 143
121 105
220 140
112 151
4 139
230 167
8 184
96 35
181 19
72 42
1 97
143 243
143 64
29 240
26 113
80 31
74 200
247 157
109 167
90 190
174 12
12 232
192 27
20 179
32 165
234 25
36 126
111 181
76 114
170 71
200 211
64 230
55 188
141 209
73 51
185 81
74 53
100 237
129 5
51 42
26 102
138 16
222 39
103 127
205 198
92 212
50 14
121 20
135 41
213 79
181 195
133 154
242 56
205 41
138 31
69 19
113 12
191 180
114 3
51 116
147 193
170 139
109 28
109 4
67 247
103 248
20 89
73 127
61 201
167 129
185 37
90 196
66 192
188 85
87 25
68 208
87 229
3 11
102 112
227 82
167 76
247 159
213 155
227 132
88 60
152 97
77 155
145 187
133 34
100 166
50 147
53 167
21 38
115 44
46 242
139 55
85 165
167 164
47 130
50 53
27 173
34 44
78 105
219 136
169 164
193 128
7 229
198 172
195 193
152 158
204 12
21 96
27 17
234 227
177 32
55 22
64 141
243 12
96 105
100 139
138 142
247 148
55 116
9 92
113 139
201 157
130 88
69 24
102 35
193 41
250 53
105 240
229 155
47 200
46 153
164 221
92 136
12 47
20 238
147 69
177 238
113 245
232 165
57 175
208 191
172 196
158 15
201 109
216 193
47 40
3 31
242 41
249 57
193 95
59 145
118 114
9 229
93 7
183 70
91 114
200 223
61 80
32 166
104 149
108 161
226 150
102 110
229 237
9 226
53 33
129 153
162 217
131 97
229 35
67 202
62 173
228 25
232 184
160 48
115 110
96 243
202 103
26 62
195 154
184 71
33 140
216 240
40 175
212 69
155 146
11 17
152 152
162 194
49 54
155 171
249 28
76 189
173 101
220 151
120 86
132 23
84 199
234 162
185 60
105 65
30 89
200 188
153 249
82 35
134 227
73 2
87 172
113 82
187 83
81 202
136 66
25 243
81 63
146 73
219 137
190 45
137 158
50 32
159 113
31 239
106 39
61 114
191 184
18 126
110 217
167 188
198 48
47 74
203 233
86 229
236 237
116 93
28 134
146 211
129 50
103 18
4 61
150 2
64 126
159 45
164 150
112 106
193 85
21 114
109 34
176 236
1 72
39 48
181 123
148 226
160 177
1 86
94 72
199 179
42 52
157 126
42 221
209 70
171 30
86 37
39 6
131 168
189 172
176 212
95 90
103 108
94 88
111 225
26 58
131 103
193 68
10 161
205 58
148 33
198 215
224 21
232 19
79 27
116 166
55 239
155 13
82 167
184 89
189 161
209 14
115 238
186 18
240 161
171 54
62 206
145 40
106 109
197 67
229 193
58 209
197 186
171 148
250 176
100 189
74 61
110 153
128 56
146 125
160 234
64 10
89 79
130 40
237 128
194 109
17 219
206 117
72 165
204 96
26 190
170 61
238 232
36 148
5 159
99 29
64 16
47 183
230 117
141 27
229 167
177 43
96 140
98 141
216 100
9 199
246 99
73 43
162 23
27 182
239 132
21 88
125 188
7 166
161 65
243 31
55 160
113 222
6 16
236 155
119 25
134 5
144 30
85 138
200 166
161 194
89 28
47 206
235 56
107 31
119 36
97 222
239 140
249 143
84 34
35 86
91 9
156 111
93 228
117 235
197 137
57 205
98 197
87 69
192 82
177 149
169 110
171 62
41 104
52 123
235 144
45 122
50 83
151 18
123 37
222 152
161 124
180 21
240 170
33 192
66 142
209 10
210 157
27 237
129 182
44 83
116 75
240 208
28 218
183 244
158 46
60 170
112 92
206 21
198 77
142 89
127 12
76 140
199 38
58 94
119 22
179 250
72 84
22 93
17 216
234 57
93 2
7 211
146 118
97 240
90 103
143 26
204 7
5 161
235 151
89 81
61 56
18 244
32 170
223 183
19 58
78 209
194 211
187 196
11 61
38 96
121 65
154 35
7 18
46 119
137 132
110 74
121 214
48 210
49 93
71 20
52 107
187 245
118 150
225 217
189 19
104 166
167 238
19 148
191 158
198 47
78 213
213 175
51 237
7 21
138 236
207 7
33 121
94 172
193 248
67 12
108 210
202 16
27 151
95 208
6 250
111 157
141 161
21 126
209 154
233 227
210 176
57 152
20 200
48 86
25 40
250 16
238 66
40 8
58 152
112 233
200 173
1 116
157 141
146 72
213 243
109 91
94 153
189 75
48 157
85 125
35 125
181 57
67 202
144 239
209 191
226 164
162 212
162 47
77 18
210 97
135 45
66 25
47 48
9 124
179 162
13 218
59 77
217 193
136 162
125 146
124 61
190 202
54 142
142 95
107 42
180 239
19 199
188 249
189 172
100 71
78 159
95 175
197 90
37 210
86 114
110 205
155 211
31 222
61 119
241 13
56 236
58 110
76 242
192 10
83 194
135 232
229 220
206 94
144 223
176 156
113 159
235 49
19 66
65 208
44 97
98 249
142 227
100 136
72 166
111 41
241 214
38 131
17 105
7 37
13 123
242 203
6 165
186 215
17 163
36 147
39 57
4 134
62 243
58 45
54 39
89 148
124 126
2 227
135 189
214 37
166 51
61 225
119 210
117 144
164 208
139 209
187 207
36 5
64 169
204 117
118 61
96 59
120 5
235 58
169 6
45 150
57 54
112 171
205 173
4 111
127 170
68 67
83 13
174 46
163 148
56 153
95 61
187 112
70 247
209 76
231 34
163 65
109 140
192 183
162 248
83 153
210 94
58 102
49 12
152 124
76 173
55 89
85 237
233 232
211 166
89 2
61 196
103 163
162 51
183 89
163 1
193 138
173 188
219 138
47 102
134 197
214 214
231 143
107 41
12 132
80 108
218 249
27 41
113 61
132 140
177 10
222 115
75 163
159 228
47 156
25 127
9 158
141 119
244 88
34 38
87 204
108 26
184 189
91 131
50 203
150 247
190 95
193 226
115 10
26 19
13 41
223 130
231 143
219 78
15 72
6 152
209 116
92 87
23 61
183 243
204 228
164 116
185 96
200 148
23 79
77 81
106 195
184 229
136 4
161 28
108 121
41 41
34 171
137 28
248 5
101 164
34 38
167 25
97 216
43 249
25 34
70 114
44 74
51 98
222 210
150 93
41 25
163 52
242 9
38 127
109 176
155 83
157 243
109 19
88 3
174 88
209 231
142 174
43 49
78 238
158 103
238 49
102 118
96 57
58 248
74 47
192 230
72 68
210 138
201 233
118 136
179 195
31 117
231 15
62 69
88 121
136 164
23 191
9 100
72 222
193 121
16 241
84 48
202 121
184 250
91 58
54 95
184 138
38 28
118 203
59 140
166 49
200 125
218 6
162 167
123 36
29 240
99 195
96 7
74 228
31 35
172 142
36 195
249 102
13 56
122 132
169 117
78 153
95 195
172 152
115 10
166 169
239 248
142 180
20 225
54 88
167 158
41 86
12 7
31 157
4 145
90 64
214 238
193 189
44 203
236 6
24 81
160 179
196 115
172 189
72 42
25 55
116 240
17 205
85 89
182 143
81 220
219 43
218 164
229 87
186 95
30 127
211 8
121 68
14 162
7 182
52 3
51 115
247 8
35 191
208 89
219 193
111 29
148 185
186 217
48 165
166 194
55 166
28 93
220 105
151 130
174 142
197 237
14 113
20 229
88 41
125 7
216 207
97 205
188 174
102 24
123 128
59 67
19 90
109 138
241 18
156 115
85 214
106 168
133 229
200 244
201 196
48 195
86 43
26 127
138 129
193 26
110 134
216 189
173 135
135 88
139 139
224 52
214 95
233 73
52 161
120 223
7 76
48 112
5 138
206 180
217 20
94 83
166 79
198 235
133 94
20 57
204 25
227 5
190 165
244 247
136 79
90 23
33 226
44 248
142 114
125 240
4 175
235 141
57 70
179 79
230 197
74 209
85 116
43 210
127 10
24 210
183 180
116 41
102 55
170 207
48 37
6 114
148 5
130 101
153 207
74 170
11 55
62 86
142 188
13 237
183 216
188 95
19 229
39 146
225 12
170 150
93 233
246 224
71 197
89 236
